0
0
0
0
0
0
0
1
1
1
0
0
0
0
0
0
0
0
0
0
0
0
0
0
0
1
6
6
1
0
0
0
0
0
0
0
0
1
0
0
0
1
1
6
1
6
8
1
0
0
0
0
0
0
1
9
1
0
1
1
6
1
6
1
1
1
1
1
0
0
0
0
1
9
9
8
1
1
1
6
1
6
8
9
8
6
1
0
0
0
1
9
9
9
1
1
1
6
9
9
8
9
9
9
9
1
0
0
0
1
9
9
9
1
1
1
8
9
9
9
9
9
9
1
0
0
0
0
1
9
9
9
1
6
1
8
9
9
1
2
9
1
0
0
0
0
8
8
9
9
9
6
8
6
8
9
6
1
9
6
1
0
0
1
8
9
9
1
6
8
9
9
9
9
9
9
9
9
1
0
0
0
1
9
1
6
6
8
9
9
9
9
4
5
9
8
1
0
0
0
0
8
9
1
1
6
6
6
9
8
9
9
9
1
0
0
0
0
0
1
8
8
1
8
8
9
9
8
9
9
6
6
1
0
0
1
1
6
6
6
1
6
6
8
9
9
6
8
1
0
0
0
0
1
1
1
1
6
6
8
8
6
6
9
9
6
1
0
0
0
0
1
1
0
0
1
1
8
6
9
9
9
9
1
8
1
0
0
0
0
0
0
0
0
1
1
1
6
1
9
6
8
1
0
0
0
0
0
0
0
0
0
1
6
6
6
1
1
1
1
0
0
0
0
0
0
0
0
0
0
0
0
0
0
0
0
0
0
0
0
0
0
0
0
0
0
0
0
0
0
0
0
0
0
0
0
0
0
0
0
