0
0
0
0
0
0
0
0
0
1b
1b
0
0
0
0
0
0
0
0
0
0
0
0
0
0
0
1b
1b
0
0
0
0
0
0
0
0
0
0
0
0
0
0
1b
1b
12
1b
0
0
0
0
0
0
0
0
0
0
0
0
0
1b
9
9
1b
0
0
0
0
0
0
1b
1b
0
0
0
0
0
1b
1b
1b
1b
0
0
0
0
0
0
1b
9
1b
0
0
0
0
1b
12
9
9
12
1b
0
0
0
0
1b
9
9
1b
0
0
0
1b
9
9
9
9
9
12
1b
0
0
1b
9
9
9
1b
0
0
1b
9
9
9
9
9
12
1b
1b
1b
1b
9
9
9
1b
0
0
0
1b
9
9
9
9
9
9
9
9
1b
1b
9
9
1b
0
0
0
1b
12
9
1a
1b
9
9
9
9
1b
1b
1b
9
9
9
1b
0
0
1b
9
9
1b
12
9
9
12
1b
12
1b
1b
1b
9
9
9
1b
0
1b
9
9
9
9
9
9
9
9
12
1b
0
9
9
1b
0
0
0
0
1b
9
9
1c
16
9
9
12
12
9
1b
9
1b
1b
0
0
0
0
0
0
1b
9
9
9
9
9
9
12
12
9
9
12
1b
0
0
0
0
1b
12
9
9
9
9
9
12
12
1b
12
12
1b
0
0
0
0
1b
9
9
1b
12
9
9
9
9
9
12
1b
1b
0
0
0
0
0
0
1b
1b
12
9
9
9
9
9
12
1b
0
0
0
0
0
0
0
0
0
0
1b
1b
1b
9
12
12
1b
0
0
0
0
0
0
0
0
0
0
0
0
1b
9
9
9
9
1b
0
0
0
0
0
0
0
0
0
0
0
0
1b
1b
1b
1b
1b
0
0
0
0
0
0
0
0
